# oST version 5.0 parameters

[image]

width
640

height
480

[narrow_stereo]

camera matrix
523.522439 0.000000 307.805033
0.000000 527.114407 259.100598
0.000000 0.000000 1.000000

distortion
0.010708 -0.040612 0.009474 -0.010774 0.000000

rectification
1.000000 0.000000 0.000000
0.000000 1.000000 0.000000
0.000000 0.000000 1.000000

projection
522.799194 0.000000 299.960940 0.000000
0.000000 529.405457 262.959077 0.000000
0.000000 0.000000 1.000000 0.000000

