# oST version 5.0 parameters


[image]

width
640

height
480

[narrow_stereo]

camera matrix
819.175789 0.000000 320.547785
0.000000 820.078600 229.257318
0.000000 0.000000 1.000000

distortion
-0.137152 0.278073 0.001670 -0.000161 0.000000

rectification
1.000000 0.000000 0.000000
0.000000 1.000000 0.000000
0.000000 0.000000 1.000000

projection
805.912537 0.000000 319.992803 0.000000
0.000000 810.386108 228.973103 0.000000
0.000000 0.000000 1.000000 0.000000

