# oST version 5.0 parameters


[image]

width
1280

height
1024

[narrow_stereo]

camera matrix
1268.002010 0.000000 654.096393
0.000000 1265.625940 513.270166
0.000000 0.000000 1.000000

distortion
-0.208080 0.150372 -0.000551 -0.001669 0.000000

rectification
1.000000 0.000000 0.000000
0.000000 1.000000 0.000000
0.000000 0.000000 1.000000

projection
1208.214966 0.000000 652.774363 0.000000
0.000000 1224.284668 512.457532 0.000000
0.000000 0.000000 1.000000 0.000000

